Sample sentence      : 5G AI telecom research and machine learning signal processing
Tokens               : ['5G', 'AI', 'telecom', 'research', 'and', 'm', 'ach', 'ine', 'learning', 's', 'ignal', 'process', 'ing']
Token IDs            : [111, 156, 674, 514, 89, 57, 656, 634, 677, 63, 222, 1634, 80]

Token Embeddings     shape=(13, 16):
[[-6.1180e-01 -3.7000e-02 -4.2930e-01 -6.9240e-01 -1.4063e+00 -8.3100e-02
  -1.5047e+00  7.6010e-01  8.2400e-02 -1.4576e+00 -3.0920e-01 -7.5220e-01
   3.1920e-01  1.3405e+00 -1.8752e+00  1.1500e-01]
 [-2.7900e-01 -2.7980e-01  7.9040e-01  3.4010e-01  5.7060e-01  9.6820e-01
  -3.3130e-01 -6.1220e-01 -1.0852e+00 -8.2540e-01  2.9491e+00  1.2447e+00
  -1.3511e+00 -1.3225e+00  4.8190e-01  5.4730e-01]
 [ 1.5803e+00  9.1660e-01  1.0574e+00 -8.0800e-02 -1.7421e+00 -4.5520e-01
  -2.5880e-01 -4.9710e-01  5.4700e-02  4.4140e-01  8.5300e-01 -2.7810e-01
  -1.9038e+00 -4.8290e-01  4.3700e-02  1.2228e+00]
 [ 9.2100e-01 -4.7970e-01 -4.3260e-01  2.1857e+00 -2.4660e-01  7.3510e-01
   6.4000e-03 -1.8483e+00 -2.0446e+00 -5.7900e-01  1.0561e+00  7.8830e-01
   9.1410e-01 -9.8700e-01  1.6159e+00 -9.6490e-01]
 [-1.0448e+00 -1.9664e+00  2.0562e+00 -1.1032e+00 -2.2130e-01 -2.7680e-01
   3.0740e-01  8.1570e-01  8.6050e-01 -5.8310e-01 -1.6710e-01  2.8260e-01
  -2.4870e-01  1.6073e+00  4.9100e-01  7.3490e-01]
 [ 2.4940e-01  1.5775e+00 -9.5300e-02  2.7900e-01  6.0790e-01  1.8660e-01
  -4.4640e-01  1.9410e-01  1.0736e+00 -1.0265e+00  1.3300e-01 -7.0010e-01
   1.1950e+00 -1.5232e+00 -5.5890e-01  3.7720e-01]
 [-1.4874e+00  8.7200e-02  1.2473e+00  1.3550e-01  1.5413e+00  1.3340e+00
   7.7770e-01  7.4700e-02  2.2500e-02  7.6380e-01 -3.9170e-01 -1.8825e+00
   4.9200e-01 -1.1311e+00 -9.6210e-01  2.0000e-04]
 [ 2.2620e-01  1.1179e+00 -1.1693e+00 -1.5010e-01 -1.7325e+00 -3.9320e-01
   3.4200e-02 -8.5460e-01 -4.5700e-01 -1.4082e+00  7.7100e-02  1.0557e+00
  -1.0971e+00 -6.2270e-01  5.0250e-01  1.2121e+00]
 [-5.6110e-01 -2.5080e-01  1.6454e+00 -2.3520e-01 -6.8930e-01 -6.8500e-01
  -5.4910e-01 -5.9450e-01 -1.2796e+00 -1.1242e+00 -8.2930e-01  5.9160e-01
  -3.8120e-01 -2.0720e-01  1.2701e+00  1.2950e+00]
 [ 1.0496e+00 -5.3520e-01  1.3174e+00  1.9760e-01  2.0753e+00 -6.8920e-01
   1.7360e+00  1.9790e-01 -6.5140e-01 -4.8390e-01 -3.2030e-01  4.2420e-01
   5.2280e-01 -5.7370e-01 -2.4400e-02  2.1423e+00]
 [ 3.4670e-01  2.5116e+00 -1.8401e+00 -3.2300e-02  6.4050e-01  1.2310e-01
  -1.1310e-01 -1.2992e+00  2.3280e-01 -7.5680e-01 -2.1899e+00  1.1946e+00
   9.5840e-01  5.1700e-02  2.2910e-01  1.0743e+00]
 [-8.3600e-02 -1.6400e-01  4.9070e-01 -1.8347e+00 -1.1146e+00 -7.9780e-01
  -4.5460e-01 -8.7970e-01  3.3280e-01  8.1400e-02  1.3929e+00  2.4738e+00
  -1.2629e+00  1.4730e-01  1.4550e-01 -1.4200e-02]
 [ 1.3350e-01 -1.5250e-01  7.0810e-01  9.5670e-01 -7.8600e-01 -1.3312e+00
  -1.8362e+00  5.0800e-01 -1.1034e+00 -2.1529e+00  3.8860e-01  2.4930e+00
  -6.1000e-03  8.3850e-01  8.1800e-02 -9.8900e-02]]

Positional Embeddings shape=(13, 16):
[[ 0.000e+00  1.000e+00  0.000e+00  1.000e+00  0.000e+00  1.000e+00
   0.000e+00  1.000e+00  0.000e+00  1.000e+00  0.000e+00  1.000e+00
   0.000e+00  1.000e+00  0.000e+00  1.000e+00]
 [ 8.415e-01  5.403e-01  3.110e-01  9.504e-01  9.980e-02  9.950e-01
   3.160e-02  9.995e-01  1.000e-02  1.000e+00  3.200e-03  1.000e+00
   1.000e-03  1.000e+00  3.000e-04  1.000e+00]
 [ 9.093e-01 -4.161e-01  5.911e-01  8.066e-01  1.987e-01  9.801e-01
   6.320e-02  9.980e-01  2.000e-02  9.998e-01  6.300e-03  1.000e+00
   2.000e-03  1.000e+00  6.000e-04  1.000e+00]
 [ 1.411e-01 -9.900e-01  8.126e-01  5.828e-01  2.955e-01  9.553e-01
   9.470e-02  9.955e-01  3.000e-02  9.996e-01  9.500e-03  1.000e+00
   3.000e-03  1.000e+00  9.000e-04  1.000e+00]
 [-7.568e-01 -6.536e-01  9.536e-01  3.011e-01  3.894e-01  9.211e-01
   1.262e-01  9.920e-01  4.000e-02  9.992e-01  1.260e-02  9.999e-01
   4.000e-03  1.000e+00  1.300e-03  1.000e+00]
 [-9.589e-01  2.837e-01  9.999e-01 -1.030e-02  4.794e-01  8.776e-01
   1.575e-01  9.875e-01  5.000e-02  9.988e-01  1.580e-02  9.999e-01
   5.000e-03  1.000e+00  1.600e-03  1.000e+00]
 [-2.794e-01  9.602e-01  9.471e-01 -3.208e-01  5.646e-01  8.253e-01
   1.886e-01  9.821e-01  6.000e-02  9.982e-01  1.900e-02  9.998e-01
   6.000e-03  1.000e+00  1.900e-03  1.000e+00]
 [ 6.570e-01  7.539e-01  8.004e-01 -5.994e-01  6.442e-01  7.648e-01
   2.196e-01  9.756e-01  6.990e-02  9.976e-01  2.210e-02  9.998e-01
   7.000e-03  1.000e+00  2.200e-03  1.000e+00]
 [ 9.894e-01 -1.455e-01  5.743e-01 -8.186e-01  7.174e-01  6.967e-01
   2.503e-01  9.682e-01  7.990e-02  9.968e-01  2.530e-02  9.997e-01
   8.000e-03  1.000e+00  2.500e-03  1.000e+00]
 [ 4.121e-01 -9.111e-01  2.913e-01 -9.566e-01  7.833e-01  6.216e-01
   2.808e-01  9.598e-01  8.990e-02  9.960e-01  2.850e-02  9.996e-01
   9.000e-03  1.000e+00  2.800e-03  1.000e+00]
 [-5.440e-01 -8.391e-01 -2.070e-02 -9.998e-01  8.415e-01  5.403e-01
   3.110e-01  9.504e-01  9.980e-02  9.950e-01  3.160e-02  9.995e-01
   1.000e-02  1.000e+00  3.200e-03  1.000e+00]
 [-1.000e+00  4.400e-03 -3.306e-01 -9.438e-01  8.912e-01  4.536e-01
   3.409e-01  9.401e-01  1.098e-01  9.940e-01  3.480e-02  9.994e-01
   1.100e-02  9.999e-01  3.500e-03  1.000e+00]
 [-5.366e-01  8.439e-01 -6.077e-01 -7.942e-01  9.320e-01  3.624e-01
   3.704e-01  9.289e-01  1.197e-01  9.928e-01  3.790e-02  9.993e-01
   1.200e-02  9.999e-01  3.800e-03  1.000e+00]]

Final Input Embeddings shape=(13, 16):
[[-0.6118  0.963  -0.4293  0.3076 -1.4063  0.9169 -1.5047  1.7601  0.0824
  -0.4576 -0.3092  0.2478  0.3192  2.3405 -1.8752  1.115 ]
 [ 0.5625  0.2605  1.1014  1.2905  0.6704  1.9632 -0.2997  0.3873 -1.0752
   0.1745  2.9523  2.2447 -1.3501 -0.3225  0.4822  1.5473]
 [ 2.4896  0.5004  1.6486  0.7258 -1.5434  0.5248 -0.1956  0.5009  0.0747
   1.4412  0.8593  0.7219 -1.9018  0.5171  0.0443  2.2228]
 [ 1.0621 -1.4697  0.38    2.7685  0.0489  1.6905  0.1011 -0.8528 -2.0146
   0.4206  1.0656  1.7882  0.9171  0.0129  1.6168  0.0351]
 [-1.8016 -2.62    3.0098 -0.8021  0.1682  0.6442  0.4336  1.8077  0.9005
   0.4161 -0.1545  1.2825 -0.2447  2.6073  0.4922  1.7349]
 [-0.7095  1.8611  0.9047  0.2687  1.0873  1.0642 -0.289   1.1816  1.1236
  -0.0278  0.1488  0.2998  1.2    -0.5232 -0.5573  1.3772]
 [-1.7668  1.0474  2.1945 -0.1853  2.106   2.1593  0.9663  1.0567  0.0825
   1.762  -0.3727 -0.8827  0.498  -0.1311 -0.9602  1.0002]
 [ 0.8832  1.8718 -0.3689 -0.7496 -1.0883  0.3716  0.2538  0.121  -0.387
  -0.4107  0.0992  2.0554 -1.0901  0.3773  0.5048  2.2121]
 [ 0.4283 -0.3963  2.2197 -1.0538  0.0281  0.0117 -0.2988  0.3737 -1.1997
  -0.1274 -0.804   1.5913 -0.3732  0.7928  1.2726  2.295 ]
 [ 1.4617 -1.4464  1.6087 -0.759   2.8586 -0.0676  2.0167  1.1577 -0.5615
   0.5121 -0.2919  1.4238  0.5318  0.4263 -0.0215  3.1423]
 [-0.1973  1.6725 -1.8608 -1.0321  1.482   0.6634  0.1979 -0.3488  0.3326
   0.2382 -2.1583  2.1941  0.9684  1.0516  0.2322  2.0743]
 [-1.0836 -0.1596  0.1601 -2.7785 -0.2234 -0.3442 -0.1137  0.0604  0.4426
   1.0754  1.4276  3.4732 -1.2519  1.1472  0.149   0.9858]
 [-0.403   0.6914  0.1004  0.1625  0.146  -0.9689 -1.4658  1.4369 -0.9837
  -1.1601  0.4265  3.4923  0.0059  1.8384  0.0856  0.9011]]

Self-Attention Weights shape=(13, 13):
[[0.0339 0.1022 0.0653 0.1776 0.0476 0.0384 0.0337 0.1037 0.0926 0.1042
  0.1138 0.0413 0.0457]
 [0.0416 0.0472 0.0474 0.0814 0.0853 0.0596 0.0479 0.0753 0.1154 0.1573
  0.1641 0.0357 0.042 ]
 [0.0461 0.1117 0.0588 0.1096 0.0325 0.085  0.0635 0.0971 0.0706 0.0818
  0.102  0.0683 0.073 ]
 [0.0648 0.0397 0.0493 0.0598 0.1385 0.0859 0.071  0.0529 0.1099 0.1386
  0.0994 0.0342 0.056 ]
 [0.0787 0.09   0.09   0.0464 0.0355 0.0314 0.0229 0.1777 0.0546 0.0669
  0.135  0.0865 0.0844]
 [0.0354 0.0874 0.0582 0.1569 0.0441 0.0432 0.0299 0.1046 0.1011 0.128
  0.1301 0.0318 0.0494]
 [0.0649 0.0589 0.0669 0.049  0.0858 0.0317 0.0282 0.1221 0.0734 0.1158
  0.1845 0.0594 0.0595]
 [0.0501 0.0992 0.0558 0.1013 0.0349 0.095  0.064  0.0914 0.0701 0.083
  0.11   0.0656 0.0796]
 [0.0866 0.0934 0.07   0.0644 0.0358 0.0756 0.0449 0.108  0.0519 0.0656
  0.1014 0.0776 0.1248]
 [0.1023 0.065  0.0779 0.0367 0.044  0.0529 0.0333 0.1327 0.06   0.0815
  0.1318 0.0771 0.1047]
 [0.0731 0.0609 0.065  0.0635 0.0523 0.0639 0.039  0.1062 0.0768 0.0982
  0.158  0.0597 0.0834]
 [0.0859 0.0454 0.0767 0.033  0.0814 0.0447 0.0431 0.1089 0.0699 0.0803
  0.1669 0.1008 0.0631]
 [0.0376 0.0671 0.0581 0.1914 0.0425 0.0349 0.0205 0.0939 0.1022 0.137
  0.1391 0.0232 0.0526]]

Self-Attn Context Vectors shape=(13, 8):
[[-0.4041  0.0675 -0.5981  0.4412 -0.3907 -0.001  -0.2507 -0.1315]
 [-0.4822  0.0491 -0.6649  0.3956 -0.7505 -0.1935 -0.1981 -0.2314]
 [-0.5369  0.0758 -0.6781  0.4964 -0.4555 -0.0066 -0.2324 -0.1089]
 [-0.5201  0.0289 -0.7432  0.4137 -0.7198 -0.2695 -0.3041 -0.0975]
 [-0.7587  0.167  -0.5564  0.5156 -0.5271  0.0988 -0.1621 -0.2969]
 [-0.4243  0.0724 -0.595   0.4268 -0.4888 -0.0346 -0.2023 -0.182 ]
 [-0.6546  0.0749 -0.6235  0.4555 -0.7295 -0.0869 -0.1575 -0.3213]
 [-0.5623  0.0628 -0.6872  0.4982 -0.501  -0.0309 -0.2019 -0.1218]
 [-0.7289  0.0645 -0.649   0.5463 -0.4895  0.0302 -0.1458 -0.1958]
 [-0.787   0.1083 -0.601   0.5225 -0.6146  0.0111 -0.1143 -0.2842]
 [-0.6709  0.0706 -0.6323  0.4813 -0.6576 -0.0574 -0.1182 -0.2631]
 [-0.7269  0.0716 -0.6322  0.4847 -0.6984 -0.0773 -0.1864 -0.2864]
 [-0.3859  0.0369 -0.5662  0.4179 -0.4846 -0.05   -0.1637 -0.2017]]

MHA Head 1 Weights shape=(13, 13):
[[1.     0.     0.     0.     0.     0.     0.     0.     0.     0.
  0.     0.     0.    ]
 [0.7739 0.2261 0.     0.     0.     0.     0.     0.     0.     0.
  0.     0.     0.    ]
 [0.4878 0.2578 0.2544 0.     0.     0.     0.     0.     0.     0.
  0.     0.     0.    ]
 [0.6304 0.1473 0.137  0.0853 0.     0.     0.     0.     0.     0.
  0.     0.     0.    ]
 [0.3687 0.1777 0.1368 0.1196 0.1972 0.     0.     0.     0.     0.
  0.     0.     0.    ]
 [0.2382 0.1294 0.229  0.1385 0.1131 0.1518 0.     0.     0.     0.
  0.     0.     0.    ]
 [0.2062 0.1222 0.1464 0.1253 0.1274 0.1573 0.1152 0.     0.     0.
  0.     0.     0.    ]
 [0.1796 0.0985 0.138  0.1058 0.0967 0.1243 0.0864 0.1707 0.     0.
  0.     0.     0.    ]
 [0.2245 0.1213 0.101  0.0808 0.1134 0.1047 0.103  0.0928 0.0586 0.
  0.     0.     0.    ]
 [0.3522 0.0859 0.0749 0.0626 0.0998 0.1262 0.0699 0.0807 0.0383 0.0097
  0.     0.     0.    ]
 [0.0932 0.055  0.1165 0.0666 0.0453 0.0624 0.0446 0.1681 0.1733 0.0632
  0.1118 0.     0.    ]
 [0.089  0.0717 0.0825 0.0834 0.0792 0.0966 0.0746 0.0817 0.0853 0.0834
  0.0881 0.0845 0.    ]
 [0.1521 0.0681 0.1048 0.054  0.052  0.0583 0.0497 0.1285 0.0921 0.0212
  0.0591 0.0664 0.0938]]

MHA Head 2 Weights shape=(13, 13):
[[1.     0.     0.     0.     0.     0.     0.     0.     0.     0.
  0.     0.     0.    ]
 [0.322  0.678  0.     0.     0.     0.     0.     0.     0.     0.
  0.     0.     0.    ]
 [0.3491 0.3285 0.3224 0.     0.     0.     0.     0.     0.     0.
  0.     0.     0.    ]
 [0.1697 0.3641 0.1299 0.3363 0.     0.     0.     0.     0.     0.
  0.     0.     0.    ]
 [0.1792 0.2036 0.1278 0.2061 0.2833 0.     0.     0.     0.     0.
  0.     0.     0.    ]
 [0.12   0.1819 0.1488 0.3105 0.1304 0.1084 0.     0.     0.     0.
  0.     0.     0.    ]
 [0.1126 0.1147 0.1052 0.1927 0.1586 0.1257 0.1904 0.     0.     0.
  0.     0.     0.    ]
 [0.1163 0.1292 0.1147 0.1453 0.1171 0.1221 0.1332 0.122  0.     0.
  0.     0.     0.    ]
 [0.0763 0.1217 0.0668 0.1501 0.1409 0.1185 0.1087 0.0882 0.1289 0.
  0.     0.     0.    ]
 [0.0682 0.0425 0.0368 0.0491 0.0829 0.1157 0.1722 0.109  0.1206 0.2029
  0.     0.     0.    ]
 [0.0911 0.0745 0.0835 0.1086 0.076  0.0867 0.1449 0.0887 0.0864 0.0779
  0.0818 0.     0.    ]
 [0.0735 0.0559 0.0549 0.0432 0.0662 0.0913 0.0863 0.1069 0.0912 0.1069
  0.1288 0.0947 0.    ]
 [0.0483 0.1448 0.0618 0.2176 0.0757 0.06   0.0527 0.0486 0.066  0.066
  0.0374 0.0481 0.073 ]]

MHA Output Vectors shape=(13, 8):
[[ 0.3755  0.178   0.1596  0.127  -0.1762 -0.3443 -0.0612  0.312 ]
 [ 0.0391  0.0508  0.0293 -0.3887 -0.389   0.0592  0.3115  0.3508]
 [-0.0145 -0.0267  0.0353 -0.1468 -0.351   0.0569  0.282   0.2209]
 [-0.008  -0.0481 -0.0538 -0.4173 -0.4592  0.1307  0.4124  0.3025]
 [-0.1148 -0.0175 -0.1735 -0.3683 -0.0767  0.293   0.2591  0.179 ]
 [-0.0996 -0.0805 -0.1895 -0.4308 -0.1629  0.276   0.3758  0.1347]
 [-0.0204 -0.0211 -0.1187 -0.401   0.0916  0.2457  0.2283  0.0245]
 [-0.0554 -0.0294 -0.0432 -0.2641 -0.0553  0.1791  0.1894  0.0596]
 [-0.0592 -0.0212 -0.0558 -0.2937  0.0047  0.2058  0.184   0.0426]
 [ 0.1213  0.0055 -0.0759 -0.2261  0.0312  0.0696  0.0667  0.0655]
 [-0.096  -0.012   0.0237 -0.0568 -0.0691  0.137  -0.0422  0.0584]
 [ 0.0046 -0.0305 -0.0259 -0.1388  0.0762  0.0951  0.0239 -0.0604]
 [-0.0989  0.0088 -0.0352 -0.2281 -0.1477  0.153   0.0649  0.1523]]
